2 2 2 RGB
https://www.flickr.com/photos/stephenoachs/31969587391/ https://farm1.static.flickr.com/684/31969587391_1bff713efb_n.jpg https://farm1.static.flickr.com/684/31969587391_1bff713efb_b.jpg 0.46486208920187794 0.0 0.0 0.0 0.4593456572769953 0.0 0.05337441314553991 0.022417840375586855 
https://www.flickr.com/photos/redmani49/15997063327/ https://farm9.static.flickr.com/8590/15997063327_9dba4fc84f_n.jpg https://farm9.static.flickr.com/8590/15997063327_3826bda9b6_o.jpg 0.07575021708096016 2.5019500493031336E-4 0.7107745743005578 6.181288357101859E-4 0.07298335467349552 0.0 0.09458842921688963 0.0450351008874564 
https://www.flickr.com/photos/23488805@N02/45839397364/ https://farm8.static.flickr.com/7865/45839397364_0edaedc9fa_n.jpg https://farm8.static.flickr.com/7865/45839397364_1d77801113_o.jpg 0.8326956775700934 0.006877920560747664 0.004979556074766355 0.0046875 0.06875 3.358644859813084E-4 0.016968457943925232 0.06470502336448598 
https://www.flickr.com/photos/blinkofalens/44747680310/ https://farm5.static.flickr.com/4874/44747680310_5f450aacce_n.jpg https://farm5.static.flickr.com/4874/44747680310_5f450aacce_b.jpg 0.4713564410480349 0.017358078602620088 0.0077783842794759825 0.03726801310043668 0.08623089519650655 4.093886462882096E-4 0.158160480349345 0.2214383187772926 
https://www.flickr.com/photos/asheers/16172456601/ https://farm8.static.flickr.com/7533/16172456601_5536ea469d_n.jpg https://farm8.static.flickr.com/7533/16172456601_5536ea469d_b.jpg 0.6322147651006711 0.03456375838926175 0.0010486577181208054 0.17028104026845636 0.0030201342281879194 2.0973154362416106E-5 0.006082214765100671 0.1527684563758389 
https://www.flickr.com/photos/ministry/31956604801/ https://farm1.static.flickr.com/317/31956604801_1c0d156180_n.jpg https://farm1.static.flickr.com/317/31956604801_1c0d156180_b.jpg 1.0416666666666667E-4 0.0 0.0 0.14083333333333334 0.0 0.0 0.0 0.8590625 
https://www.flickr.com/photos/scottzona/31701899990/ https://farm1.static.flickr.com/393/31701899990_eabc94bcc1_n.jpg https://farm1.static.flickr.com/393/31701899990_30e1453c4e_o.jpg 0.5685299295774648 0.014950117370892019 0.023679577464788732 0.014113849765258216 0.031954225352112675 0.0939994131455399 0.005193661971830986 0.2475792253521127 
https://www.flickr.com/photos/ljsilver71/31955020861/ https://farm1.static.flickr.com/421/31955020861_ddbb8be4dc_n.jpg https://farm1.static.flickr.com/421/31955020861_0b2258ab88_o.jpg 0.6500754830917874 0.10471014492753623 0.00544987922705314 0.022041062801932368 0.05452898550724638 0.0010265700483091788 0.03878321256038647 0.1233846618357488 
https://www.flickr.com/photos/willjwalker/15997741790/ https://farm8.static.flickr.com/7567/15997741790_73110de885_n.jpg https://farm8.static.flickr.com/7567/15997741790_bc62255917_o.jpg 0.8154861111111111 0.0 0.0 0.0 0.0 0.0 0.0 0.1845138888888889 
https://www.flickr.com/photos/czav_gva/46587441951/ https://farm5.static.flickr.com/4880/46587441951_cc6a51be7a_n.jpg https://farm5.static.flickr.com/4880/46587441951_cc6a51be7a_b.jpg 0.9837357954545455 0.0 0.0 0.0 0.016264204545454547 0.0 0.0 0.0 
